emir
50 24
104 42
2.789872884750366 seconds
mosque
2 1
7 1
0.49514198303222656 seconds
italil
38 20
76 36
2.715430974960327 seconds
monastery
-3 2
3 2
0.6451771259307861 seconds
church
26 2
58 -6
2.5473270416259766 seconds
three_generations
54 12
112 10
3.106736898422241 seconds
russian
74 8
158 16
3.0564260482788086 seconds
lugano
40 -16
92 -28
2.7605509757995605 seconds
melons
82 10
178 12
3.3822028636932373 seconds
lastochikino
-2 -2
76 -8
2.6167008876800537 seconds
tobolsk
3 3
6 3
0.5537490844726562 seconds
icon
40 16
90 22
2.627807140350342 seconds
cathedral
5 2
12 3
0.5617821216583252 seconds
sunset
44 -34
98 -68
2.9728140830993652 seconds
siren
50 -6
96 -24
2.8462531566619873 seconds
self_portrait
80 28
176 34
3.1557209491729736 seconds
harvesters
60 16
124 14
2.218644142150879 seconds
